8.40198429687 8.49317380066 4.07932316972 6.40955896161 0.0 
0.0 0.0 0.0 0.0 0.0 
0.0 0.0 0.0 0.0 0.0 
0.0 0.0 0.0 0.0 0.0 
6.7250394367 6.73293238077 6.26804305072 6.60647989939 0.0 
0.0 0.0 0.0 0.0 0.0 
0.85813914151 0.874961262734 1.15716526466 1.01577916858 0.0 
0.0 0.0 0.0 0.0 0.0 
0.0 0.0 0.0 0.0 0.0 
0.0 0.0 0.0 0.0 0.0 
1.84833423693 1.81145466169 1.80379369655 1.81925776074 0.0 
0.0 0.0 0.0 0.0 0.0 
0.0 0.0 0.0 0.0 0.0 
8.58886322512 7.71418940896 8.54282540406 9.4045630959 0.0 
2.08308693381 1.90147412746 2.07218699974 1.63676688303 0.0 
0.0 0.0 0.0 0.0 0.0 
0.0 0.0 0.0 0.0 0.0 
0.139376015317 0.609492670656 0.19 0.611569858171 0.0 
0.0 0.0 0.0 5.0 0.0 
0.0 0.01 0.0 0.0 0.0 
0.0166666666667 0.0 0.0 0.0 0.0 
15.4662325482 12.6703982128 1.09715656206 12.2070644773 0.0 
0.0 0.0 0.0 0.0 0.0 
0.473276975566 0.581584350682 0.339077074206 0.55632229746 0.0 
0.0 0.0 0.0 0.0 0.0 
0.0 0.0 0.0 0.0 0.0 
0.0 0.0 0.0 0.0 0.0 
9.68539101474 4.6417856633 0.243041779791 8.29522029778 0.0 
9.0324452265 7.11587994149 5.83865119384 9.0126236265 0.0 
0.0 0.0 0.0 0.0 0.0 
0.0 0.0 0.0 0.0 0.0 
12.9739108522 8.760169489 8.31014911224 9.45592337732 0.0 
